1	1	2541	#95d0fc	1
1	2542	2976	#ff81c0	1
1	2977	3846	fuchsia	1
1	3847	5892	#95d0fc	1
10	1	640	#ff81c0	1
10	641	1108	fuchsia	1
10	1109	1212	#7e1e9c	1
10	1213	2705	#FFCC00	2
2	1	2193	#FFCC00	1
2	2194	2582	#339966	1
2	2583	4175	#e50000	1
2	4176	4551	#339966	1
2	4552	4751	#e50000	1
3	1	1278	#99CC00	1
3	1279	1859	#ff81c0	2
3	1860	4003	#99CC00	1
3	4004	4103	#ff81c0	2
4	1	580	#339966	2
4	581	1459	fuchsia	2
4	1460	2713	#8fff9f	1
4	2714	3013	#339966	2
4	3014	3177	fuchsia	2
4	3178	3409	#339966	2
4	3410	3440	fuchsia	2
4	3441	4093	#8fff9f	1
5	1	1377	#95d0fc	2
5	1378	1744	#653700	1
5	1745	4485	#8fff9f	2
6	1	198	fuchsia	1
6	199	456	#ff81c0	1
6	457	728	#7e1e9c	1
6	729	1957	#653700	2
6	1958	3412	#7e1e9c	1
7	1	3070	#e50000	2
8	1	908	#99CC00	2
8	909	2183	#7e1e9c	2
8	2184	3536	#99CC00	2
9	1	1684	#653700	1
9	1685	2988	#95d0fc	2
